           0 ps UUUUUUU UUUUUUU UUUUUUUU U U
           0 ps XXXXXXX XXXXXXX XXXXXXXX 0 0
        1589 ps UUUUUUU UUUUUUU UUUUUUUU 0 0
        6209 ps UUUUUUU UUUUUUU UUUUUU0U 0 0
        6661 ps UUUUUUU UUUUUUU UUUUUU01 0 0
        6662 ps UUUUUUU UUUUUUU UUU0UU01 0 0
        6759 ps UUUUUUU UUUUUUU UU00UU01 0 0
        6892 ps UUUUUUU UUUUUUU U000UU01 0 0
        6908 ps UUUUUUU UUUUUUU U000U001 0 0
        7014 ps UUUUUUU UU0UUUU U000U001 0 0
        7036 ps UUUUU0U UU0UUUU U000U001 0 0
        7078 ps UUUUU0U UU0UUUU U0000001 0 0
        7135 ps U0UUU0U UU0UUUU U0000001 0 0
        7189 ps U0UUU0U UU0UUUU 00000001 0 0
        7301 ps U0UUU01 UU0UUUU 00000001 0 0
        7408 ps U0UUU01 UU0UUU1 00000001 0 0
        7412 ps U0UUU01 UU0UU11 00000001 0 0
        7447 ps U0UUU01 U00UU11 00000001 0 0
        7515 ps U0UUU01 U001U11 00000001 0 0
        7604 ps U0U0U01 U001U11 00000001 0 0
        7656 ps U0U0001 U001U11 00000001 0 0
        7684 ps U0U0001 U001111 00000001 0 0
        7890 ps U0U0001 1001111 00000001 0 0
        8061 ps U000001 1001111 00000001 0 0
        8194 ps 0000001 1001111 00000001 0 0
      100000 ps 0000001 1001111 00000001 0 1
      200000 ps 0000001 1001111 00000001 1 1
      380287 ps 0000001 1001111 00000000 1 1
      380384 ps 0000001 1001111 00000010 1 1
      380861 ps 0000001 1000111 00000010 1 1
      381008 ps 0000001 1000110 00000010 1 1
      381014 ps 0000001 0000110 00000010 1 1
      381121 ps 0000001 0010110 00000010 1 1
      381310 ps 0000001 0010010 00000010 1 1
      505287 ps 0000001 0010010 00000011 1 1
      506121 ps 0000001 0000010 00000011 1 1
      506310 ps 0000001 0000110 00000011 1 1
      630384 ps 0000001 0000110 00000001 1 1
      630497 ps 0000001 0000110 00000101 1 1
      630752 ps 0000001 0000100 00000101 1 1
      631412 ps 0000001 0100100 00000101 1 1
      755287 ps 0000001 0100100 00000100 1 1
      755497 ps 0000001 0100100 00000000 1 1
      755667 ps 0000001 0100100 00001000 1 1
      755955 ps 0000001 0000100 00001000 1 1
      756192 ps 0000001 0000000 00001000 1 1
      880287 ps 0000001 0000000 00001001 1 1
      880497 ps 0000001 0000000 00001101 1 1
      880603 ps 0000001 0010000 00001101 1 1
      881038 ps 0000001 0010010 00001101 1 1
      881121 ps 0000001 0000010 00001101 1 1
      881516 ps 0000001 1000010 00001101 1 1
     1005660 ps 0000001 1000010 00011101 1 1
     1005667 ps 0000001 1000010 00010101 1 1
     1005702 ps 0001001 1000010 00010101 1 1
     1005716 ps 0001001 1000000 00010101 1 1
     1005743 ps 0001101 1000000 00010101 1 1
     1005955 ps 0001101 1100000 00010101 1 1
     1005997 ps 0001111 1100000 00010101 1 1
     1006192 ps 0001111 1100100 00010101 1 1
     1006199 ps 0001111 0100100 00010101 1 1
     1006877 ps 1001111 0100100 00010101 1 1
     1100000 ps 1001111 0100100 00010101 0 1
     1200000 ps 1001111 0100100 00010101 0 0
     1206662 ps 1001111 0100100 00000101 0 0
     1206704 ps 1000111 0100100 00000101 0 0
     1206745 ps 1000011 0100100 00000101 0 0
     1206908 ps 1000011 0100100 00000001 0 0
     1206999 ps 1000001 0100100 00000001 0 0
     1207163 ps 1000001 0100110 00000001 0 0
     1207407 ps 1000001 1100110 00000001 0 0
     1207408 ps 1000001 1100111 00000001 0 0
     1207447 ps 1000001 1000111 00000001 0 0
     1207515 ps 1000001 1001111 00000001 0 0
     1207879 ps 0000001 1001111 00000001 0 0
     1300000 ps 0000001 1001111 00000001 1 0
     1400000 ps 0000001 1001111 00000001 1 1
     1630287 ps 0000001 1001111 00000000 1 1
     1630384 ps 0000001 1001111 00000010 1 1
     1630861 ps 0000001 1000111 00000010 1 1
     1631008 ps 0000001 1000110 00000010 1 1
     1631014 ps 0000001 0000110 00000010 1 1
     1631121 ps 0000001 0010110 00000010 1 1
     1631310 ps 0000001 0010010 00000010 1 1
     1755287 ps 0000001 0010010 00000011 1 1
     1756121 ps 0000001 0000010 00000011 1 1
     1756310 ps 0000001 0000110 00000011 1 1
     1880384 ps 0000001 0000110 00000001 1 1
     1880497 ps 0000001 0000110 00000101 1 1
     1880752 ps 0000001 0000100 00000101 1 1
     1881412 ps 0000001 0100100 00000101 1 1
     2005287 ps 0000001 0100100 00000100 1 1
     2005497 ps 0000001 0100100 00000000 1 1
     2005667 ps 0000001 0100100 00001000 1 1
     2005955 ps 0000001 0000100 00001000 1 1
     2006192 ps 0000001 0000000 00001000 1 1
     2130287 ps 0000001 0000000 00001001 1 1
     2130497 ps 0000001 0000000 00001101 1 1
     2130603 ps 0000001 0010000 00001101 1 1
     2131038 ps 0000001 0010010 00001101 1 1
     2131121 ps 0000001 0000010 00001101 1 1
     2131516 ps 0000001 1000010 00001101 1 1
     2255660 ps 0000001 1000010 00011101 1 1
     2255667 ps 0000001 1000010 00010101 1 1
     2255702 ps 0001001 1000010 00010101 1 1
     2255716 ps 0001001 1000000 00010101 1 1
     2255743 ps 0001101 1000000 00010101 1 1
     2255955 ps 0001101 1100000 00010101 1 1
     2255997 ps 0001111 1100000 00010101 1 1
     2256192 ps 0001111 1100100 00010101 1 1
     2256199 ps 0001111 0100100 00010101 1 1
     2256877 ps 1001111 0100100 00010101 1 1
     2380287 ps 1001111 0100100 00010100 1 1
     2380384 ps 1001111 0100100 00010110 1 1
     2380497 ps 1001111 0100100 00010010 1 1
     2380660 ps 1001111 0100100 00000010 1 1
     2380702 ps 1000111 0100100 00000010 1 1
     2380743 ps 1000011 0100100 00000010 1 1
     2380752 ps 1000011 0100110 00000010 1 1
     2380757 ps 1000011 0100110 00100010 1 1
     2380909 ps 1000010 0100110 00100010 1 1
     2381036 ps 1000010 0000110 00100010 1 1
     2381121 ps 1000010 0010110 00100010 1 1
     2381310 ps 1000010 0010010 00100010 1 1
     2381797 ps 1010010 0010010 00100010 1 1
     2381877 ps 0010010 0010010 00100010 1 1
     2505287 ps 0010010 0010010 00100011 1 1
     2505497 ps 0010010 0010010 00100111 1 1
     2505603 ps 0010010 0000010 00100111 1 1
     2505660 ps 0010010 0000010 00110111 1 1
     2505743 ps 0010110 0000010 00110111 1 1
     2505752 ps 0010110 0000000 00110111 1 1
     2506104 ps 0010110 0001000 00110111 1 1
     2506281 ps 0010110 0001001 00110111 1 1
     2506310 ps 0010110 0001101 00110111 1 1
     2506737 ps 0000110 0001101 00110111 1 1
     2630384 ps 0000110 0001101 00110101 1 1
     2630497 ps 0000110 0001101 00110001 1 1
     2630518 ps 0000110 0001101 01110001 1 1
     2630667 ps 0000110 0001101 01111001 1 1
     2630757 ps 0000110 0001101 01011001 1 1
     2630765 ps 0100110 0001101 01011001 1 1
     2630776 ps 0101110 0001101 01011001 1 1
     2630861 ps 0101110 0000101 01011001 1 1
     2630955 ps 0101110 0100101 01011001 1 1
     2630965 ps 0101110 0100100 01011001 1 1
     2631058 ps 0101100 0100100 01011001 1 1
     2631230 ps 0100100 0100100 01011001 1 1
     2631412 ps 0100100 0000100 01011001 1 1
     2755287 ps 0100100 0000100 01011000 1 1
     2755518 ps 0100100 0000100 00011000 1 1
     2755667 ps 0100100 0000100 00010000 1 1
     2755761 ps 0000100 0000100 00010000 1 1
     2755815 ps 0000100 0000100 10010000 1 1
     2755965 ps 0000100 0000101 10010000 1 1
     2756310 ps 0000100 0000001 10010000 1 1
     2756820 ps 1000100 0000001 10010000 1 1
     2757219 ps 0000100 0000001 10010000 1 1
     2880287 ps 0000100 0000001 10010001 1 1
     2880518 ps 0000100 0000001 11010001 1 1
     2880660 ps 0000100 0000001 11000001 1 1
     2880667 ps 0000100 0000001 11001001 1 1
     2880743 ps 0000000 0000001 11001001 1 1
     2880757 ps 0000000 0000001 11101001 1 1
     2880765 ps 0100000 0000001 11101001 1 1
     2880776 ps 0101000 0000001 11101001 1 1
     2880965 ps 0101000 0000000 11101001 1 1
     2881230 ps 0100000 0000000 11101001 1 1
     2881310 ps 0100000 0000100 11101001 1 1
     2881737 ps 0110000 0000100 11101001 1 1
     3005660 ps 0110000 0000100 11111001 1 1
     3005702 ps 0111000 0000100 11111001 1 1
     3005761 ps 0011000 0000100 11111001 1 1
     3005815 ps 0011000 0000100 01111001 1 1
     3005861 ps 0011001 0000100 01111001 1 1
     3006143 ps 0011101 0000100 01111001 1 1
     3007084 ps 0001101 0000100 01111001 1 1
     3130287 ps 0001101 0000100 01111000 1 1
     3130384 ps 0001101 0000100 01111010 1 1
     3130660 ps 0001101 0000100 01101010 1 1
     3130667 ps 0001101 0000100 01100010 1 1
     3130671 ps 0101101 0000100 01100010 1 1
     3130702 ps 0100101 0000100 01100010 1 1
     3130716 ps 0100101 0000110 01100010 1 1
     3130743 ps 0100001 0000110 01100010 1 1
     3130861 ps 0100000 0000110 01100010 1 1
     3131121 ps 0100000 0010110 01100010 1 1
     3131310 ps 0100000 0010010 01100010 1 1
     3255287 ps 0100000 0010010 01100011 1 1
     3255660 ps 0100000 0010010 01110011 1 1
     3255667 ps 0100000 0010010 01111011 1 1
     3255716 ps 0100000 0010000 01111011 1 1
     3255743 ps 0100100 0010000 01111011 1 1
     3255757 ps 0100100 0010000 01011011 1 1
     3255761 ps 0000100 0010000 01011011 1 1
     3255810 ps 0000100 0000000 01011011 1 1
     3255815 ps 0000100 0000000 11011011 1 1
     3256034 ps 0000110 0000000 11011011 1 1
     3256143 ps 0000010 0000000 11011011 1 1
     3256244 ps 0000010 0100000 11011011 1 1
     3256516 ps 0000010 1100000 11011011 1 1
     3257219 ps 1000010 1100000 11011011 1 1
     3380384 ps 1000010 1100000 11011001 1 1
     3380497 ps 1000010 1100000 11011101 1 1
     3380518 ps 1000010 1100000 10011101 1 1
     3380757 ps 1000010 1100000 10111101 1 1
     3380770 ps 1000010 1100010 10111101 1 1
     3380776 ps 1001010 1100010 10111101 1 1
     3380815 ps 1001010 1100010 00111101 1 1
     3381143 ps 1001110 1100010 00111101 1 1
     3381230 ps 1000110 1100010 00111101 1 1
     3381412 ps 1000110 1000010 00111101 1 1
     3382219 ps 0000110 1000010 00111101 1 1
     3505287 ps 0000110 1000010 00111100 1 1
     3505497 ps 0000110 1000010 00111000 1 1
     3505752 ps 0000110 1000000 00111000 1 1
     3505757 ps 0000110 1000000 00011000 1 1
     3505776 ps 0001110 1000000 00011000 1 1
     3505909 ps 0001111 1000000 00011000 1 1
     3505996 ps 0001111 0000000 00011000 1 1
     3506926 ps 1001111 0000000 00011000 1 1
     3630287 ps 1001111 0000000 00011001 1 1
     3630497 ps 1001111 0000000 00011101 1 1
     3630518 ps 1001111 0000000 01011101 1 1
     3630667 ps 1001111 0000000 01010101 1 1
     3630765 ps 1101111 0000000 01010101 1 1
     3630927 ps 1101110 0000000 01010101 1 1
     3631058 ps 1101100 0000000 01010101 1 1
     3631230 ps 1100100 0000000 01010101 1 1
     3631244 ps 1100100 0100000 01010101 1 1
     3631310 ps 1100100 0100100 01010101 1 1
     3631820 ps 0100100 0100100 01010101 1 1
     3755660 ps 0100100 0100100 01000101 1 1
     3755667 ps 0100100 0100100 01001101 1 1
     3755716 ps 0100100 0100110 01001101 1 1
     3755757 ps 0100100 0100110 01101101 1 1
     3755821 ps 0100000 0100110 01101101 1 1
     3755955 ps 0100000 0000110 01101101 1 1
     3756192 ps 0100000 0000010 01101101 1 1
     3756199 ps 0100000 1000010 01101101 1 1
     3880287 ps 0100000 1000010 01101100 1 1
     3880384 ps 0100000 1000010 01101110 1 1
     3880497 ps 0100000 1000010 01101010 1 1
     3880667 ps 0100000 1000010 01100010 1 1
     3880757 ps 0100000 1000010 01000010 1 1
     3880815 ps 0100000 1000010 11000010 1 1
     3880909 ps 0100001 1000010 11000010 1 1
     3881121 ps 0100001 1010010 11000010 1 1
     3881199 ps 0100001 0010010 11000010 1 1
     3882084 ps 0110001 0010010 11000010 1 1
     4005287 ps 0110001 0010010 11000011 1 1
     4005497 ps 0110001 0010010 11000111 1 1
     4005518 ps 0110001 0010010 10000111 1 1
     4005667 ps 0110001 0010010 10001111 1 1
     4005716 ps 0110001 0010000 10001111 1 1
     4005747 ps 0110000 0010000 10001111 1 1
     4005757 ps 0110000 0010000 10101111 1 1
     4005765 ps 0010000 0010000 10101111 1 1
     4005815 ps 0010000 0010000 00101111 1 1
     4006036 ps 0010000 0110000 00101111 1 1
     4006058 ps 0010010 0110000 00101111 1 1
     4006104 ps 0010010 0111000 00101111 1 1
     4006687 ps 0000010 0111000 00101111 1 1
     4007084 ps 0010010 0111000 00101111 1 1
     4130384 ps 0010010 0111000 00101101 1 1
     4130497 ps 0010010 0111000 00101001 1 1
     4130518 ps 0010010 0111000 01101001 1 1
     4130603 ps 0010010 0101000 01101001 1 1
     4130660 ps 0010010 0101000 01111001 1 1
     4130667 ps 0010010 0101000 01110001 1 1
     4130743 ps 0010110 0101000 01110001 1 1
     4130752 ps 0010110 0101010 01110001 1 1
     4130761 ps 0110110 0101010 01110001 1 1
     4130815 ps 0110110 0101010 11110001 1 1
     4130876 ps 0110100 0101010 11110001 1 1
     4130955 ps 0110100 0001010 11110001 1 1
     4131008 ps 0110100 0001011 11110001 1 1
     4131143 ps 0110000 0001011 11110001 1 1
     4131192 ps 0110000 0001111 11110001 1 1
     4131199 ps 0110000 1001111 11110001 1 1
     4131230 ps 0111000 1001111 11110001 1 1
     4131687 ps 0101000 1001111 11110001 1 1
     4132084 ps 0111000 1001111 11110001 1 1
     4255287 ps 0111000 1001111 11110000 1 1
     4255518 ps 0111000 1001111 10110000 1 1
     4255660 ps 0111000 1001111 10100000 1 1
     4255702 ps 0110000 1001111 10100000 1 1
     4255765 ps 0010000 1001111 10100000 1 1
     4255815 ps 0010000 1001111 00100000 1 1
     4256029 ps 0010000 1000111 00100000 1 1
     4256038 ps 0010000 1000101 00100000 1 1
     4256058 ps 0010010 1000101 00100000 1 1
     4256310 ps 0010010 1000001 00100000 1 1
     4256516 ps 0010010 0000001 00100000 1 1
     4256687 ps 0000010 0000001 00100000 1 1
     4257084 ps 0010010 0000001 00100000 1 1
     4380287 ps 0010010 0000001 00100001 1 1
     4380660 ps 0010010 0000001 00110001 1 1
     4380743 ps 0010110 0000001 00110001 1 1
     4380757 ps 0010110 0000001 00010001 1 1
     4380776 ps 0011110 0000001 00010001 1 1
     4380909 ps 0011111 0000001 00010001 1 1
     4381029 ps 0011111 0001001 00010001 1 1
     4381038 ps 0011111 0001011 00010001 1 1
     4381310 ps 0011111 0001111 00010001 1 1
     4381516 ps 0011111 1001111 00010001 1 1
     4381737 ps 0001111 1001111 00010001 1 1
     4381926 ps 1001111 1001111 00010001 1 1
     4505757 ps 1001111 1001111 00110001 1 1
     4505776 ps 1000111 1001111 00110001 1 1
     4505909 ps 1000110 1001111 00110001 1 1
     4506926 ps 0000110 1001111 00110001 1 1
     4630287 ps 0000110 1001111 00110000 1 1
     4630384 ps 0000110 1001111 00110010 1 1
     4630518 ps 0000110 1001111 01110010 1 1
     4630660 ps 0000110 1001111 01100010 1 1
     4630743 ps 0000010 1001111 01100010 1 1
     4630757 ps 0000010 1001111 01000010 1 1
     4630861 ps 0000010 1000111 01000010 1 1
     4631008 ps 0000010 1000110 01000010 1 1
     4631014 ps 0000010 0000110 01000010 1 1
     4631034 ps 0000000 0000110 01000010 1 1
     4631121 ps 0000000 0010110 01000010 1 1
     4631230 ps 0001000 0010110 01000010 1 1
     4631282 ps 0001100 0010110 01000010 1 1
     4631310 ps 0001100 0010010 01000010 1 1
     4631926 ps 1001100 0010010 01000010 1 1
     4755287 ps 1001100 0010010 01000011 1 1
     4755660 ps 1001100 0010010 01010011 1 1
     4755757 ps 1001100 0010010 01110011 1 1
     4755909 ps 1001101 0010010 01110011 1 1
     4756121 ps 1001101 0000010 01110011 1 1
     4756310 ps 1001101 0000110 01110011 1 1
     4756877 ps 0001101 0000110 01110011 1 1
     4880384 ps 0001101 0000110 01110001 1 1
     4880497 ps 0001101 0000110 01110101 1 1
     4880518 ps 0001101 0000110 00110101 1 1
     4880747 ps 0001100 0000110 00110101 1 1
     4880752 ps 0001100 0000100 00110101 1 1
     4880761 ps 0101100 0000100 00110101 1 1
     4880815 ps 0101100 0000100 10110101 1 1
     4881143 ps 0101000 0000100 10110101 1 1
     4881230 ps 0100000 0000100 10110101 1 1
     4881412 ps 0100000 0100100 10110101 1 1
     4882219 ps 1100000 0100100 10110101 1 1
     5005287 ps 1100000 0100100 10110100 1 1
     5005497 ps 1100000 0100100 10110000 1 1
     5005660 ps 1100000 0100100 10100000 1 1
     5005667 ps 1100000 0100100 10101000 1 1
     5005671 ps 1000000 0100100 10101000 1 1
     5005702 ps 1001000 0100100 10101000 1 1
     5005815 ps 1001000 0100100 00101000 1 1
     5005876 ps 1001010 0100100 00101000 1 1
     5005955 ps 1001010 0000100 00101000 1 1
     5006096 ps 1000010 0000100 00101000 1 1
     5006192 ps 1000010 0000000 00101000 1 1
     5006877 ps 0000010 0000000 00101000 1 1
     5007084 ps 0010010 0000000 00101000 1 1
     5130287 ps 0010010 0000000 00101001 1 1
     5130497 ps 0010010 0000000 00101101 1 1
     5130518 ps 0010010 0000000 01101101 1 1
     5130603 ps 0010010 0010000 01101101 1 1
     5130660 ps 0010010 0010000 01111101 1 1
     5130743 ps 0010110 0010000 01111101 1 1
     5130757 ps 0010110 0010000 01011101 1 1
     5130815 ps 0010110 0010000 11011101 1 1
     5131038 ps 0010110 0010010 11011101 1 1
     5131121 ps 0010110 0000010 11011101 1 1
     5131282 ps 0010010 0000010 11011101 1 1
     5131516 ps 0010010 1000010 11011101 1 1
     5131687 ps 0000010 1000010 11011101 1 1
     5132219 ps 1000010 1000010 11011101 1 1
     5255518 ps 1000010 1000010 10011101 1 1
     5255660 ps 1000010 1000010 10001101 1 1
     5255667 ps 1000010 1000010 10000101 1 1
     5255716 ps 1000010 1000000 10000101 1 1
     5255815 ps 1000010 1000000 00000101 1 1
     5255876 ps 1000000 1000000 00000101 1 1
     5255927 ps 1000001 1000000 00000101 1 1
     5255955 ps 1000001 1100000 00000101 1 1
     5256192 ps 1000001 1100100 00000101 1 1
     5256199 ps 1000001 0100100 00000101 1 1
     5256820 ps 0000001 0100100 00000101 1 1
     5380287 ps 0000001 0100100 00000100 1 1
     5380384 ps 0000001 0100100 00000110 1 1
     5380497 ps 0000001 0100100 00000010 1 1
     5380518 ps 0000001 0100100 01000010 1 1
     5380747 ps 0000000 0100100 01000010 1 1
     5380752 ps 0000000 0100110 01000010 1 1
     5380757 ps 0000000 0100110 01100010 1 1
     5380765 ps 0100000 0100110 01100010 1 1
     5380815 ps 0100000 0100110 11100010 1 1
     5381036 ps 0100000 0000110 11100010 1 1
     5381121 ps 0100000 0010110 11100010 1 1
     5381310 ps 0100000 0010010 11100010 1 1
     5382084 ps 0110000 0010010 11100010 1 1
     5505287 ps 0110000 0010010 11100011 1 1
     5505497 ps 0110000 0010010 11100111 1 1
     5505603 ps 0110000 0000010 11100111 1 1
     5505752 ps 0110000 0000000 11100111 1 1
     5506104 ps 0110000 0001000 11100111 1 1
     5506281 ps 0110000 0001001 11100111 1 1
     5506310 ps 0110000 0001101 11100111 1 1
     5630384 ps 0110000 0001101 11100101 1 1
     5630497 ps 0110000 0001101 11100001 1 1
     5630667 ps 0110000 0001101 11101001 1 1
     5630757 ps 0110000 0001101 11001001 1 1
     5630861 ps 0110000 0000101 11001001 1 1
     5630909 ps 0110001 0000101 11001001 1 1
     5630955 ps 0110001 0100101 11001001 1 1
     5630965 ps 0110001 0100100 11001001 1 1
     5631412 ps 0110001 0000100 11001001 1 1
     5755287 ps 0110001 0000100 11001000 1 1
     5755518 ps 0110001 0000100 10001000 1 1
     5755660 ps 0110001 0000100 10011000 1 1
     5755667 ps 0110001 0000100 10010000 1 1
     5755757 ps 0110001 0000100 10110000 1 1
     5755776 ps 0111001 0000100 10110000 1 1
     5755861 ps 0111000 0000100 10110000 1 1
     5755965 ps 0111000 0000101 10110000 1 1
     5756230 ps 0110000 0000101 10110000 1 1
     5756310 ps 0110000 0000001 10110000 1 1
     5756687 ps 0100000 0000001 10110000 1 1
     5756926 ps 1100000 0000001 10110000 1 1
     5880287 ps 1100000 0000001 10110001 1 1
     5880518 ps 1100000 0000001 11110001 1 1
     5880667 ps 1100000 0000001 11111001 1 1
     5880761 ps 1000000 0000001 11111001 1 1
     5880815 ps 1000000 0000001 01111001 1 1
     5880927 ps 1000001 0000001 01111001 1 1
     5880965 ps 1000001 0000000 01111001 1 1
     5881143 ps 1000101 0000000 01111001 1 1
     5881230 ps 1001101 0000000 01111001 1 1
     5881310 ps 1001101 0000100 01111001 1 1
     5881687 ps 1011101 0000100 01111001 1 1
     5881820 ps 0011101 0000100 01111001 1 1
     5882084 ps 0001101 0000100 01111001 1 1
     6005518 ps 0001101 0000100 00111001 1 1
     6005660 ps 0001101 0000100 00101001 1 1
     6005702 ps 0000101 0000100 00101001 1 1
     6005743 ps 0000001 0000100 00101001 1 1
     6005861 ps 0000000 0000100 00101001 1 1
     6006058 ps 0000010 0000100 00101001 1 1
     6006737 ps 0010010 0000100 00101001 1 1
     6130287 ps 0010010 0000100 00101000 1 1
     6130384 ps 0010010 0000100 00101010 1 1
     6130667 ps 0010010 0000100 00100010 1 1
     6130716 ps 0010010 0000110 00100010 1 1
     6130815 ps 0010010 0000110 10100010 1 1
     6130876 ps 0010000 0000110 10100010 1 1
     6131096 ps 0011000 0000110 10100010 1 1
     6131121 ps 0011000 0010110 10100010 1 1
     6131310 ps 0011000 0010010 10100010 1 1
     6132084 ps 0001000 0010010 10100010 1 1
     6255287 ps 0001000 0010010 10100011 1 1
     6255518 ps 0001000 0010010 11100011 1 1
     6255667 ps 0001000 0010010 11101011 1 1
     6255716 ps 0001000 0010000 11101011 1 1
     6255757 ps 0001000 0010000 11001011 1 1
     6255765 ps 0101000 0010000 11001011 1 1
     6255776 ps 0100000 0010000 11001011 1 1
     6255810 ps 0100000 0000000 11001011 1 1
     6255927 ps 0100001 0000000 11001011 1 1
     6256244 ps 0100001 0100000 11001011 1 1
     6256516 ps 0100001 1100000 11001011 1 1
     6256687 ps 0110001 1100000 11001011 1 1
     6380384 ps 0110001 1100000 11001001 1 1
     6380497 ps 0110001 1100000 11001101 1 1
     6380747 ps 0110000 1100000 11001101 1 1
     6380757 ps 0110000 1100000 11101101 1 1
     6380770 ps 0110000 1100010 11101101 1 1
     6380815 ps 0110000 1100010 01101101 1 1
     6381412 ps 0110000 1000010 01101101 1 1
     6382084 ps 0100000 1000010 01101101 1 1
     6505287 ps 0100000 1000010 01101100 1 1
     6505497 ps 0100000 1000010 01101000 1 1
     6505518 ps 0100000 1000010 00101000 1 1
     6505660 ps 0100000 1000010 00111000 1 1
     6505671 ps 0000000 1000010 00111000 1 1
     6505702 ps 0001000 1000010 00111000 1 1
     6505743 ps 0001100 1000010 00111000 1 1
     6505752 ps 0001100 1000000 00111000 1 1
     6505996 ps 0001100 0000000 00111000 1 1
     6506058 ps 0001110 0000000 00111000 1 1
     6506230 ps 0000110 0000000 00111000 1 1
     6630287 ps 0000110 0000000 00111001 1 1
     6630497 ps 0000110 0000000 00111101 1 1
     6630660 ps 0000110 0000000 00101101 1 1
     6630667 ps 0000110 0000000 00100101 1 1
     6630743 ps 0000010 0000000 00100101 1 1
     6630815 ps 0000010 0000000 10100101 1 1
     6630876 ps 0000000 0000000 10100101 1 1
     6631096 ps 0001000 0000000 10100101 1 1
     6631244 ps 0001000 0100000 10100101 1 1
     6631310 ps 0001000 0100100 10100101 1 1
     6755518 ps 0001000 0100100 11100101 1 1
     6755660 ps 0001000 0100100 11110101 1 1
     6755667 ps 0001000 0100100 11111101 1 1
     6755702 ps 0000000 0100100 11111101 1 1
     6755716 ps 0000000 0100110 11111101 1 1
     6755757 ps 0000000 0100110 11011101 1 1
     6755821 ps 0000100 0100110 11011101 1 1
     6755955 ps 0000100 0000110 11011101 1 1
     6756058 ps 0000110 0000110 11011101 1 1
     6756192 ps 0000110 0000010 11011101 1 1
     6756199 ps 0000110 1000010 11011101 1 1
     6756282 ps 0000010 1000010 11011101 1 1
     6756926 ps 1000010 1000010 11011101 1 1
     6880287 ps 1000010 1000010 11011100 1 1
     6880384 ps 1000010 1000010 11011110 1 1
     6880497 ps 1000010 1000010 11011010 1 1
     6880518 ps 1000010 1000010 10011010 1 1
     6880660 ps 1000010 1000010 10001010 1 1
     6880667 ps 1000010 1000010 10000010 1 1
     6880997 ps 1000000 1000010 10000010 1 1
     6881121 ps 1000000 1010010 10000010 1 1
     6881199 ps 1000000 0010010 10000010 1 1
     6881820 ps 0000000 0010010 10000010 1 1
     7005287 ps 0000000 0010010 10000011 1 1
     7005497 ps 0000000 0010010 10000111 1 1
     7005518 ps 0000000 0010010 11000111 1 1
     7005660 ps 0000000 0010010 11010111 1 1
     7005667 ps 0000000 0010010 11011111 1 1
     7005716 ps 0000000 0010000 11011111 1 1
     7005743 ps 0000100 0010000 11011111 1 1
     7005765 ps 0100100 0010000 11011111 1 1
     7005815 ps 0100100 0010000 01011111 1 1
     7006036 ps 0100100 0110000 01011111 1 1
     7006104 ps 0100100 0111000 01011111 1 1
     7130384 ps 0100100 0111000 01011101 1 1
     7130497 ps 0100100 0111000 01011001 1 1
     7130603 ps 0100100 0101000 01011001 1 1
     7130660 ps 0100100 0101000 01001001 1 1
     7130667 ps 0100100 0101000 01000001 1 1
     7130752 ps 0100100 0101010 01000001 1 1
     7130757 ps 0100100 0101010 01100001 1 1
     7130815 ps 0100100 0101010 11100001 1 1
     7130821 ps 0100000 0101010 11100001 1 1
     7130955 ps 0100000 0001010 11100001 1 1
     7131008 ps 0100000 0001011 11100001 1 1
     7131192 ps 0100000 0001111 11100001 1 1
     7131199 ps 0100000 1001111 11100001 1 1
     7132084 ps 0110000 1001111 11100001 1 1
     7255287 ps 0110000 1001111 11100000 1 1
     7255757 ps 0110000 1001111 11000000 1 1
     7255761 ps 0010000 1001111 11000000 1 1
     7255815 ps 0010000 1001111 01000000 1 1
     7256029 ps 0010000 1000111 01000000 1 1
     7256038 ps 0010000 1000101 01000000 1 1
     7256096 ps 0011000 1000101 01000000 1 1
     7256143 ps 0011100 1000101 01000000 1 1
     7256310 ps 0011100 1000001 01000000 1 1
     7256516 ps 0011100 0000001 01000000 1 1
     7257084 ps 0001100 0000001 01000000 1 1
     7257219 ps 1001100 0000001 01000000 1 1
     7380287 ps 1001100 0000001 01000001 1 1
     7380518 ps 1001100 0000001 00000001 1 1
     7380757 ps 1001100 0000001 00100001 1 1
     7380776 ps 1000100 0000001 00100001 1 1
     7380821 ps 1000000 0000001 00100001 1 1
     7381029 ps 1000000 0001001 00100001 1 1
     7381038 ps 1000000 0001011 00100001 1 1
     7381058 ps 1000010 0001011 00100001 1 1
     7381310 ps 1000010 0001111 00100001 1 1
     7381516 ps 1000010 1001111 00100001 1 1
     7381797 ps 1010010 1001111 00100001 1 1
     7381820 ps 0010010 1001111 00100001 1 1
     7505518 ps 0010010 1001111 01100001 1 1
     7505765 ps 0110010 1001111 01100001 1 1
     7506058 ps 0110000 1001111 01100001 1 1
     7506687 ps 0100000 1001111 01100001 1 1
     7630287 ps 0100000 1001111 01100000 1 1
     7630384 ps 0100000 1001111 01100010 1 1
     7630518 ps 0100000 1001111 00100010 1 1
     7630757 ps 0100000 1001111 00000010 1 1
     7630765 ps 0000000 1001111 00000010 1 1
     7630815 ps 0000000 1001111 10000010 1 1
     7630861 ps 0000000 1000111 10000010 1 1
     7631008 ps 0000000 1000110 10000010 1 1
     7631014 ps 0000000 0000110 10000010 1 1
     7631121 ps 0000000 0010110 10000010 1 1
     7631310 ps 0000000 0010010 10000010 1 1
     7755287 ps 0000000 0010010 10000011 1 1
     7755518 ps 0000000 0010010 11000011 1 1
     7755757 ps 0000000 0010010 11100011 1 1
     7755765 ps 0100000 0010010 11100011 1 1
     7755776 ps 0101000 0010010 11100011 1 1
     7756121 ps 0101000 0000010 11100011 1 1
     7756230 ps 0100000 0000010 11100011 1 1
     7756310 ps 0100000 0000110 11100011 1 1
     7756687 ps 0110000 0000110 11100011 1 1
     7880384 ps 0110000 0000110 11100001 1 1
     7880497 ps 0110000 0000110 11100101 1 1
     7880752 ps 0110000 0000100 11100101 1 1
     7880815 ps 0110000 0000100 01100101 1 1
     7881412 ps 0110000 0100100 01100101 1 1
     7882084 ps 0100000 0100100 01100101 1 1
     8005287 ps 0100000 0100100 01100100 1 1
     8005497 ps 0100000 0100100 01100000 1 1
     8005632 ps 0000000 0100100 01100000 1 1
     8005667 ps 0000000 0100100 01101000 1 1
     8005757 ps 0000000 0100100 01001000 1 1
     8005776 ps 0001000 0100100 01001000 1 1
     8005821 ps 0001100 0100100 01001000 1 1
     8005955 ps 0001100 0000100 01001000 1 1
     8006192 ps 0001100 0000000 01001000 1 1
     8006926 ps 1001100 0000000 01001000 1 1
     8130287 ps 1001100 0000000 01001001 1 1
     8130497 ps 1001100 0000000 01001101 1 1
     8130518 ps 1001100 0000000 00001101 1 1
     8130603 ps 1001100 0010000 00001101 1 1
     8130757 ps 1001100 0010000 00101101 1 1
     8130776 ps 1000100 0010000 00101101 1 1
     8130815 ps 1000100 0010000 10101101 1 1
     8130821 ps 1000000 0010000 10101101 1 1
     8131038 ps 1000000 0010010 10101101 1 1
     8131121 ps 1000000 0000010 10101101 1 1
     8131230 ps 1001000 0000010 10101101 1 1
     8131516 ps 1001000 1000010 10101101 1 1
     8131820 ps 0001000 1000010 10101101 1 1
     8255518 ps 0001000 1000010 11101101 1 1
     8255660 ps 0001000 1000010 11111101 1 1
     8255667 ps 0001000 1000010 11110101 1 1
     8255671 ps 0101000 1000010 11110101 1 1
     8255702 ps 0100000 1000010 11110101 1 1
     8255716 ps 0100000 1000000 11110101 1 1
     8255955 ps 0100000 1100000 11110101 1 1
     8256192 ps 0100000 1100100 11110101 1 1
     8256199 ps 0100000 0100100 11110101 1 1
     8256230 ps 0101000 0100100 11110101 1 1
     8256687 ps 0111000 0100100 11110101 1 1
     8380287 ps 0111000 0100100 11110100 1 1
     8380384 ps 0111000 0100100 11110110 1 1
     8380497 ps 0111000 0100100 11110010 1 1
     8380518 ps 0111000 0100100 10110010 1 1
     8380660 ps 0111000 0100100 10100010 1 1
     8380702 ps 0110000 0100100 10100010 1 1
     8380752 ps 0110000 0100110 10100010 1 1
     8380765 ps 0010000 0100110 10100010 1 1
     8381036 ps 0010000 0000110 10100010 1 1
     8381121 ps 0010000 0010110 10100010 1 1
     8381230 ps 0011000 0010110 10100010 1 1
     8381310 ps 0011000 0010010 10100010 1 1
     8381687 ps 0001000 0010010 10100010 1 1
     8505287 ps 0001000 0010010 10100011 1 1
     8505497 ps 0001000 0010010 10100111 1 1
     8505603 ps 0001000 0000010 10100111 1 1
     8505660 ps 0001000 0000010 10110111 1 1
     8505702 ps 0000000 0000010 10110111 1 1
     8505752 ps 0000000 0000000 10110111 1 1
     8505757 ps 0000000 0000000 10010111 1 1
     8505821 ps 0000100 0000000 10010111 1 1
     8506104 ps 0000100 0001000 10010111 1 1
     8506281 ps 0000100 0001001 10010111 1 1
     8506310 ps 0000100 0001101 10010111 1 1
     8630384 ps 0000100 0001101 10010101 1 1
     8630497 ps 0000100 0001101 10010001 1 1
     8630667 ps 0000100 0001101 10011001 1 1
     8630757 ps 0000100 0001101 10111001 1 1
     8630815 ps 0000100 0001101 00111001 1 1
     8630861 ps 0000100 0000101 00111001 1 1
     8630876 ps 0000110 0000101 00111001 1 1
     8630955 ps 0000110 0100101 00111001 1 1
     8630965 ps 0000110 0100100 00111001 1 1
     8631412 ps 0000110 0000100 00111001 1 1
     8755287 ps 0000110 0000100 00111000 1 1
     8755518 ps 0000110 0000100 01111000 1 1
     8755667 ps 0000110 0000100 01110000 1 1
     8755757 ps 0000110 0000100 01010000 1 1
     8755815 ps 0000110 0000100 11010000 1 1
     8755965 ps 0000110 0000101 11010000 1 1
     8756282 ps 0000010 0000101 11010000 1 1
     8756310 ps 0000010 0000001 11010000 1 1
     8757219 ps 1000010 0000001 11010000 1 1
     8880287 ps 1000010 0000001 11010001 1 1
     8880518 ps 1000010 0000001 10010001 1 1
     8880660 ps 1000010 0000001 10000001 1 1
     8880667 ps 1000010 0000001 10001001 1 1
     8880815 ps 1000010 0000001 00001001 1 1
     8880876 ps 1000000 0000001 00001001 1 1
     8880927 ps 1000001 0000001 00001001 1 1
     8880965 ps 1000001 0000000 00001001 1 1
     8881310 ps 1000001 0000100 00001001 1 1
     8881820 ps 0000001 0000100 00001001 1 1
     9005518 ps 0000001 0000100 01001001 1 1
     9005660 ps 0000001 0000100 01011001 1 1
     9005702 ps 0001001 0000100 01011001 1 1
     9005743 ps 0001101 0000100 01011001 1 1
     9005747 ps 0001100 0000100 01011001 1 1
     9005815 ps 0001100 0000100 11011001 1 1
     9006058 ps 0001110 0000100 11011001 1 1
     9006096 ps 0000110 0000100 11011001 1 1
     9006282 ps 0000010 0000100 11011001 1 1
     9007219 ps 1000010 0000100 11011001 1 1
     9130287 ps 1000010 0000100 11011000 1 1
     9130384 ps 1000010 0000100 11011010 1 1
     9130632 ps 1100010 0000100 11011010 1 1
     9130660 ps 1100010 0000100 11001010 1 1
     9130667 ps 1100010 0000100 11000010 1 1
     9130716 ps 1100010 0000110 11000010 1 1
     9130757 ps 1100010 0000110 11100010 1 1
     9130997 ps 1100000 0000110 11100010 1 1
     9131121 ps 1100000 0010110 11100010 1 1
     9131310 ps 1100000 0010010 11100010 1 1
     9131737 ps 1110000 0010010 11100010 1 1
     9131877 ps 0110000 0010010 11100010 1 1
     9255287 ps 0110000 0010010 11100011 1 1
     9255518 ps 0110000 0010010 10100011 1 1
     9255660 ps 0110000 0010010 10110011 1 1
     9255667 ps 0110000 0010010 10111011 1 1
     9255702 ps 0111000 0010010 10111011 1 1
     9255716 ps 0111000 0010000 10111011 1 1
     9255810 ps 0111000 0000000 10111011 1 1
     9256230 ps 0110000 0000000 10111011 1 1
     9256244 ps 0110000 0100000 10111011 1 1
     9256516 ps 0110000 1100000 10111011 1 1
     9256687 ps 0100000 1100000 10111011 1 1
     9256877 ps 1100000 1100000 10111011 1 1
     9380384 ps 1100000 1100000 10111001 1 1
     9380497 ps 1100000 1100000 10111101 1 1
     9380632 ps 1000000 1100000 10111101 1 1
     9380757 ps 1000000 1100000 10011101 1 1
     9380770 ps 1000000 1100010 10011101 1 1
     9380821 ps 1000100 1100010 10011101 1 1
     9381412 ps 1000100 1000010 10011101 1 1
     9381926 ps 0000100 1000010 10011101 1 1
     9505287 ps 0000100 1000010 10011100 1 1
     9505497 ps 0000100 1000010 10011000 1 1
     9505518 ps 0000100 1000010 11011000 1 1
     9505752 ps 0000100 1000000 11011000 1 1
     9505765 ps 0100100 1000000 11011000 1 1
     9505815 ps 0100100 1000000 01011000 1 1
     9505996 ps 0100100 0000000 01011000 1 1
     9506820 ps 1100100 0000000 01011000 1 1
     9507219 ps 0100100 0000000 01011000 1 1
     9630287 ps 0100100 0000000 01011001 1 1
     9630497 ps 0100100 0000000 01011101 1 1
     9630667 ps 0100100 0000000 01010101 1 1
     9630757 ps 0100100 0000000 01110101 1 1
     9630776 ps 0101100 0000000 01110101 1 1
     9630815 ps 0101100 0000000 11110101 1 1
     9631143 ps 0101000 0000000 11110101 1 1
     9631244 ps 0101000 0100000 11110101 1 1
     9631310 ps 0101000 0100100 11110101 1 1
     9632084 ps 0111000 0100100 11110101 1 1
     9755660 ps 0111000 0100100 11100101 1 1
     9755667 ps 0111000 0100100 11101101 1 1
     9755702 ps 0110000 0100100 11101101 1 1
     9755716 ps 0110000 0100110 11101101 1 1
     9755757 ps 0110000 0100110 11001101 1 1
     9755761 ps 0010000 0100110 11001101 1 1
     9755815 ps 0010000 0100110 01001101 1 1
     9755955 ps 0010000 0000110 01001101 1 1
     9756096 ps 0011000 0000110 01001101 1 1
     9756143 ps 0011100 0000110 01001101 1 1
     9756192 ps 0011100 0000010 01001101 1 1
     9756199 ps 0011100 1000010 01001101 1 1
     9757084 ps 0001100 1000010 01001101 1 1
     9757219 ps 1001100 1000010 01001101 1 1
     9880287 ps 1001100 1000010 01001100 1 1
     9880384 ps 1001100 1000010 01001110 1 1
     9880497 ps 1001100 1000010 01001010 1 1
     9880667 ps 1001100 1000010 01000010 1 1
     9881121 ps 1001100 1010010 01000010 1 1
     9881199 ps 1001100 0010010 01000010 1 1
