-6.44 -3.84 0.05 3.92 6.32 6.32 3.92 0.05 -3.84 -6.44 
1.9 1.966 2.096 2.050 2.067 2.067 2.050 2.096 1.966 1.9  


1.5993 1.8549 2.0609 2.2053 2.2797 2.2797 2.2053 2.0609 1.8549 1.5993

3.1735 -1.0761 -4.0289 -1.3493 3.2808 3.2808 -1.3493 -4.0289 -1.0761 3.1735

 5.7381 1.1459 1.216 1.2614 1.2774 1.2614 1.216 1.1459 5.7381

 
 -3.2458 -2.4996 -2.4998 -2.5004 21.491 -2.5004 -2.4998 -2.4996 -3.2458

 2.2649 1.7647 2.1936 2.4839 2.5857 2.4839 2.1936 1.7647 2.2649
 
 
 -0.81203 -1.7519 -2.6278 -3.2481 16.88 -3.2481 -2.6278 -1.7519 -0.81203
 
 -6.4932 -7.8599 -2.9513 9.2769 16.055 9.2769 -2.9513 -7.8599 -6.4932
 
  0.5982 1.421 2.3924 3.41 4.3567 3.41 2.3924 1.421 0.5982