           0 ps U U U U U      U      U
           0 ps 1 0 0 0 Z      Z      Z
        5500 ps 1 0 0 0 0      0      0
      100000 ps 1 1 0 0 0      0      0
      200000 ps 0 0 0 0 0      0      0
      300000 ps 0 1 0 0 0      0      0
      400000 ps 0 0 1 0 0      0      0
      500000 ps 0 1 1 0 0      0      0
      504500 ps 0 1 1 0 0      0      0
      600000 ps 0 0 1 0 0      0      0
      700000 ps 0 1 1 0 0      0      0
      800000 ps 0 0 1 0 0      0      0
      900000 ps 0 1 1 0 0      0      0
     1000000 ps 0 0 1 0 0      0      0
     1100000 ps 0 1 1 0 0      0      0
     1104500 ps 0 1 1 0 0      0      0
     1200000 ps 0 0 1 0 0      0      0
     1300000 ps 0 1 1 0 0      0      0
     1400000 ps 0 0 0 1 0      0      0
     1500000 ps 0 1 0 1 0      0      0
     1504500 ps 0 1 0 1 1      1      0
     1600000 ps 0 0 0 1 1      1      0
     1700000 ps 0 1 0 1 1      1      0
     1800000 ps 0 0 0 1 1      1      0
     1900000 ps 0 1 0 1 1      1      0
     2000000 ps 0 0 0 1 1      1      0
     2100000 ps 0 1 0 1 1      1      0
     2104500 ps 0 1 0 1 0      0      0
     2109000 ps 0 1 0 1 0      0      1
     2200000 ps 1 0 0 0 0      0      1
     2217000 ps 1 0 0 0 0      0      0
     2300000 ps 1 1 0 0 0      0      0
     2400000 ps 0 0 0 0 0      0      0
     2500000 ps 0 1 0 0 0      0      0
